<CoordinateSystem> { Z-up } 
<Material> Material {
  <Scalar> diffr { 0.640000 }
  <Scalar> diffg { 0.640000 }
  <Scalar> diffb { 0.640000 }
  <Scalar> specr { 0.500000 }
  <Scalar> specg { 0.500000 }
  <Scalar> specb { 0.500000 }
  <Scalar> shininess { 12.5 }
  <Scalar> ambr { 1.000000 }
  <Scalar> ambg { 1.000000 }
  <Scalar> ambb { 1.000000 }
  <Scalar> emitr { 0.000000 }
  <Scalar> emitg { 0.000000 }
  <Scalar> emitb { 0.000000 }
}

  <Group> metarig {
    <Dart> { 1 }
    <Joint> spine {
      <Transform> {
        <Matrix4> {
          1.0 -5.191796148551475e-08 -1.3384549468753448e-08 0.0 
          0.0 -0.2496395856142044 0.9683387875556946 0.0 
          -5.36154871610961e-08 -0.9683387875556946 -0.24963951110839844 0.0 
          -0.01654524728655815 0.03544527292251587 0.8489541411399841 1.0 
        }
      }
      <VertexRef> {
        34 45 200 209
        <Scalar> membership { 0.305649 }  <Ref> { Cube }
      }
      <Joint> spine.001 {
        <Transform> {
          <Matrix4> {
            1.0 -2.778988150708983e-10 -5.57570700721044e-08 0.0 
            -6.8994805424438255e-09 0.9916855692863464 -0.12868447601795197 0.0 
            5.532925229090324e-08 0.12868449091911316 0.9916856288909912 0.0 
            0.0 0.12888960540294647 -8.381903171539307e-09 1.0 
          }
        }
        <VertexRef> {
          0 11 14 43
          <Scalar> membership { 0.057290 }  <Ref> { Cube }
        }
        <VertexRef> {
          167 203 210 216
          <Scalar> membership { 0.038086 }  <Ref> { Cube }
        }
        <VertexRef> {
          166 175 180 211
          <Scalar> membership { 0.048435 }  <Ref> { Cube }
        }
        <VertexRef> {
          8 42 174 208
          <Scalar> membership { 0.708244 }  <Ref> { Cube }
        }
        <VertexRef> {
          3 35 44 50
          <Scalar> membership { 0.052891 }  <Ref> { Cube }
        }
        <VertexRef> {
          9 26 177 195
          <Scalar> membership { 0.084567 }  <Ref> { Cube }
        }
        <Joint> spine.002 {
          <Transform> {
            <Matrix4> {
              1.0 -4.650581697518419e-09 -2.7587219619817915e-08 0.0 
              3.335691722838874e-10 0.9879986047744751 -0.1544627845287323 0.0 
              2.7974476068948206e-08 0.1544627845287323 0.9879985451698303 0.0 
              -9.14930248038368e-18 0.11569526046514511 1.4348188415169716e-08 1.0 
            }
          }
          <VertexRef> {
            27 103 194 271
            <Scalar> membership { 0.038233 }  <Ref> { Cube }
          }
          <VertexRef> {
            10 15 25 30 115
            <Scalar> membership { 0.036772 }  <Ref> { Cube }
          }
          <VertexRef> {
            1 4 13 38
            <Scalar> membership { 0.060521 }  <Ref> { Cube }
          }
          <VertexRef> {
            176 179 191 196 283
            <Scalar> membership { 0.041523 }  <Ref> { Cube }
          }
          <VertexRef> {
            7 39 171 207
            <Scalar> membership { 0.607738 }  <Ref> { Cube }
          }
          <VertexRef> {
            197 282 295 296
            <Scalar> membership { 0.004747 }  <Ref> { Cube }
          }
          <VertexRef> {
            40 55 206 223
            <Scalar> membership { 0.064132 }  <Ref> { Cube }
          }
          <VertexRef> {
            33 116 127 130
            <Scalar> membership { 0.000185 }  <Ref> { Cube }
          }
          <VertexRef> {
            28 92 99 102
            <Scalar> membership { 0.004970 }  <Ref> { Cube }
          }
          <VertexRef> {
            9 26 177 195
            <Scalar> membership { 0.713963 }  <Ref> { Cube }
          }
          <VertexRef> {
            6 20 172 186
            <Scalar> membership { 0.089676 }  <Ref> { Cube }
          }
          <VertexRef> {
            169 170 181 204
            <Scalar> membership { 0.051784 }  <Ref> { Cube }
          }
          <VertexRef> {
            8 42 174 208
            <Scalar> membership { 0.085274 }  <Ref> { Cube }
          }
          <Joint> spine.003 {
            <Transform> {
              <Matrix4> {
                1.0 1.2738188281957719e-10 -9.034576642363845e-09 0.0 
                -9.7980075441928e-11 0.999994695186615 0.003254273906350136 0.0 
                9.03494612458644e-09 -0.003254273906350136 0.999994695186615 0.0 
                7.114632726383304e-17 0.14639009535312653 4.656612873077393e-10 1.0 
              }
            }
            <Joint> spine.004 {
              <Transform> {
                <Matrix4> {
                  1.0 2.2821211587142898e-08 -1.3905468776442831e-08 0.0 
                  -1.546848515943111e-08 0.9186035394668579 0.39517998695373535 0.0 
                  2.1792107673945793e-08 -0.39517998695373535 0.9186036586761475 0.0 
                  -1.2651773791112861e-17 0.16306312382221222 9.313225746154785e-10 1.0 
                }
              }
              <VertexRef> {
                193 258 267 268
                <Scalar> membership { 0.708461 }  <Ref> { Cube }
              }
              <VertexRef> {
                29 31 91 110
                <Scalar> membership { 0.066748 }  <Ref> { Cube }
              }
              <VertexRef> {
                9 26 177 195
                <Scalar> membership { 0.063085 }  <Ref> { Cube }
              }
              <VertexRef> {
                28 92 99 102
                <Scalar> membership { 0.717028 }  <Ref> { Cube }
              }
              <VertexRef> {
                192 199 259 276
                <Scalar> membership { 0.070852 }  <Ref> { Cube }
              }
              <VertexRef> {
                104 143 270 311
                <Scalar> membership { 0.070013 }  <Ref> { Cube }
              }
              <VertexRef> {
                27 103 194 271
                <Scalar> membership { 0.821373 }  <Ref> { Cube }
              }
              <VertexRef> {
                266 269 307 308
                <Scalar> membership { 0.006059 }  <Ref> { Cube }
              }
              <Joint> spine.005 {
                <Transform> {
                  <Matrix4> {
                    1.0 -6.396409513165224e-10 5.44229941112917e-08 0.0 
                    1.0906448189018647e-08 0.9820039868354797 -0.18885980546474457 0.0 
                    -5.3322803950095476e-08 0.18885985016822815 0.9820041060447693 0.0 
                    -4.0407349406741775e-17 0.05602309852838516 2.60770320892334e-08 1.0 
                  }
                }
                <Joint> spine.006 {
                  <Transform> {
                    <Matrix4> {
                      1.0 -1.2580345090857682e-16 3.3868619020438473e-09 0.0 
                      6.31985019872161e-10 0.9824360609054565 -0.18659892678260803 0.0 
                      -3.3273757082952216e-09 0.18659892678260803 0.9824361205101013 0.0 
                      -8.204071283018515e-17 0.05309157073497772 3.725290298461914e-09 1.0 
                    }
                  }
                  <VertexRef> {
                    95 140 145
                    <Scalar> membership { 0.688761 }  <Ref> { Cube }
                  }
                  <VertexRef> {
                    266 269 307 308
                    <Scalar> membership { 0.062331 }  <Ref> { Cube }
                  }
                  <VertexRef> {
                    97 149 261 313
                    <Scalar> membership { 0.004542 }  <Ref> { Cube }
                  }
                  <VertexRef> {
                    96 144 262 310
                    <Scalar> membership { 0.876204 }  <Ref> { Cube }
                  }
                  <VertexRef> {
                    100 105 139 142
                    <Scalar> membership { 0.051848 }  <Ref> { Cube }
                  }
                  <VertexRef> {
                    27 103 194 271
                    <Scalar> membership { 0.022693 }  <Ref> { Cube }
                  }
                  <VertexRef> {
                    94 141 148
                    <Scalar> membership { 0.062476 }  <Ref> { Cube }
                  }
                  <VertexRef> {
                    263 306 309
                    <Scalar> membership { 0.746383 }  <Ref> { Cube }
                  }
                  <VertexRef> {
                    260 305 314
                    <Scalar> membership { 0.051004 }  <Ref> { Cube }
                  }
                  <VertexRef> {
                    104 143 270 311
                    <Scalar> membership { 0.706654 }  <Ref> { Cube }
                  }
                  <Joint> face {
                    <Transform> {
                      <Matrix4> {
                        1.0 1.6653328164020607e-16 2.220446049250313e-16 0.0 
                        -1.6653342722399388e-16 1.0 9.313222970597224e-10 0.0 
                        -2.220446049250313e-16 -9.313216864370588e-10 1.0 0.0 
                        2.796225165475896e-17 -3.1164848479647844e-10 0.0 1.0 
                      }
                    }
                    <Joint> nose {
                      <Transform> {
                        <Matrix4> {
                          1.0 2.7131180857509207e-08 3.541618909252975e-08 0.0 
                          -1.7763568394002505e-15 -0.7938360571861267 0.6081318259239197 0.0 
                          4.4613983618546627e-08 -0.6081318259239197 -0.7938361167907715 0.0 
                          -3.1628683797239874e-24 0.09864473342895508 0.10914425551891327 1.0 
                        }
                      }
                      <Joint> nose.001 {
                        <Transform> {
                          <Matrix4> {
                            1.0 1.2718599506911232e-09 5.703129346557034e-08 0.0 
                            4.54587878451207e-09 0.9947952032089233 -0.10189351439476013 0.0 
                            -5.686405302185449e-08 0.10189351439476013 0.9947953820228577 0.0 
                            3.4110525005699027e-15 0.041492246091365814 0.0 1.0 
                          }
                        }
                        <VertexRef> {
                          19 146 183 312
                          <Scalar> membership { 0.242024 }  <Ref> { Cube }
                        }
                        <Joint> nose.002 {
                          <Transform> {
                            <Matrix4> {
                              1.0 7.034328319832639e-08 1.3006094867762386e-08 0.0 
                              1.1735624916298093e-08 -0.34066852927207947 0.9401836395263672 0.0 
                              7.056635809021827e-08 -0.9401835203170776 -0.34066855907440186 0.0 
                              -9.116350913502018e-16 0.016172900795936584 -8.195638656616211e-08 1.0 
                            }
                          }
                          <VertexRef> {
                            19 146 183 312
                            <Scalar> membership { 0.242024 }  <Ref> { Cube }
                          }
                          <Joint> nose.003 {
                            <Transform> {
                              <Matrix4> {
                                1.0 9.047099736037012e-10 7.232018361946757e-08 0.0 
                                -2.5473600118175455e-08 0.9402548670768738 0.34047120809555054 0.0 
                                -6.769137428364047e-08 -0.3404712677001953 0.9402549266815186 0.0 
                                1.7166809965739327e-14 0.010239914059638977 3.3527612686157227e-08 1.0 
                              }
                            }
                            <Joint> nose.004 {
                              <Transform> {
                                <Matrix4> {
                                  1.0 -3.67365977638201e-08 -1.5627048544075706e-09 0.0 
                                  2.639885421373833e-09 0.11412002146244049 -0.9934669733047485 0.0 
                                  3.667492975978348e-08 0.9934669733047485 0.1141200140118599 0.0 
                                  -4.981282707585517e-16 0.012554846704006195 -5.587935447692871e-09 1.0 
                                }
                              }
                            }
                          }
                        }
                      }
                    }
                    <Joint> lip.T.L {
                      <Transform> {
                        <Matrix4> {
                          0.2674556076526642 -0.02254098653793335 0.9633064866065979 0.0 
                          0.9633065462112427 0.029641881585121155 -0.2667619585990906 0.0 
                          -0.0225411057472229 0.999306321144104 0.029641777276992798 0.0 
                          -1.2699934822025487e-24 0.02768826298415661 0.12387745082378387 1.0 
                        }
                      }
                      <Joint> lip.T.L.001 {
                        <Transform> {
                          <Matrix4> {
                            0.8400407433509827 0.5331218838691711 0.10056198388338089 0.0 
                            -0.4748286008834839 0.8121439814567566 -0.3390577435493469 0.0 
                            -0.2624298930168152 0.2370726615190506 0.9353753924369812 0.0 
                            7.450580596923828e-09 0.017140280455350876 1.0550138540565968e-07 1.0 
                          }
                        }
                      }
                    }
                    <Joint> lip.B.L {
                      <Transform> {
                        <Matrix4> {
                          0.4212910532951355 -0.07675455510616302 0.9036718010902405 0.0 
                          0.8875259160995483 0.23988085985183716 -0.39338937401771545 0.0 
                          -0.18657906353473663 0.9677634239196777 0.169181227684021 0.0 
                          -9.040661518194884e-25 0.013971088454127312 0.12023648619651794 1.0 
                        }
                      }
                      <Joint> lip.B.L.001 {
                        <Transform> {
                          <Matrix4> {
                            0.9850461483001709 0.07620580494403839 -0.15452098846435547 0.0 
                            -0.07875192165374756 0.9968398809432983 -0.01041441410779953 0.0 
                            0.15323901176452637 0.022427506744861603 0.9879346489906311 0.0 
                            -3.4924596548080444e-08 0.017649725079536438 -5.2386894822120667e-08 1.0 
                          }
                        }
                      }
                    }
                    <Joint> jaw {
                      <Transform> {
                        <Matrix4> {
                          1.0 3.9578399224637906e-08 3.2406688443842313e-09 0.0 
                          -2.202210848539531e-31 -0.08160664141178131 0.9966646432876587 0.0 
                          3.9710851496010946e-08 -0.9966646432876587 -0.08160674571990967 0.0 
                          3.134270840706948e-25 -0.03166794776916504 0.05910215899348259 1.0 
                        }
                      }
                      <Joint> chin {
                        <Transform> {
                          <Matrix4> {
                            1.0 -2.0386292653995497e-09 3.9114990357802526e-08 0.0 
                            3.8116116485298335e-08 0.2805436849594116 -0.959841251373291 0.0 
                            -9.01670471620264e-09 0.959841251373291 0.28054365515708923 0.0 
                            5.149108521798563e-16 0.04876527190208435 8.381903171539307e-08 1.0 
                          }
                        }
                        <VertexRef> {
                          185 188 257 264
                          <Scalar> membership { 0.051593 }  <Ref> { Cube }
                        }
                        <VertexRef> {
                          16 24 182 187
                          <Scalar> membership { 0.902801 }  <Ref> { Cube }
                        }
                        <VertexRef> {
                          6 20 172 186
                          <Scalar> membership { 0.081754 }  <Ref> { Cube }
                        }
                        <VertexRef> {
                          17 23 93 98
                          <Scalar> membership { 0.072228 }  <Ref> { Cube }
                        }
                        <Joint> chin.001 {
                          <Transform> {
                            <Matrix4> {
                              1.0 2.0793544663888497e-08 3.794292169345681e-08 0.0 
                              1.0663221416962188e-09 0.864837110042572 -0.5020527839660645 0.0 
                              -4.325389113546407e-08 0.5020527839660645 0.8648369908332825 0.0 
                              1.53104778636461e-17 0.027204405516386032 -1.4901161193847656e-08 1.0 
                            }
                          }
                        }
                      }
                    }
                    <Joint> ear.L {
                      <Transform> {
                        <Matrix4> {
                          0.9610587954521179 -0.18438401818275452 0.20583640038967133 0.0 
                          0.17410241067409515 0.9824350476264954 0.06715375185012817 0.0 
                          -0.2146029770374298 -0.028702083975076675 0.9762794971466064 0.0 
                          0.07781501859426498 0.06850099563598633 0.005249761510640383 1.0 
                        }
                      }
                      <Joint> ear.L.001 {
                        <Transform> {
                          <Matrix4> {
                            0.8919424414634705 0.05106374993920326 0.44925639033317566 0.0 
                            0.42722564935684204 0.2301485687494278 -0.8743627667427063 0.0 
                            -0.14804388582706451 0.9718149304389954 0.18346340954303741 0.0 
                            -4.656612873077393e-10 0.034044064581394196 0.0 1.0 
                          }
                        }
                        <VertexRef> {
                          95 140 145
                          <Scalar> membership { 0.081440 }  <Ref> { Cube }
                        }
                        <VertexRef> {
                          104 143 270 311
                          <Scalar> membership { 0.050565 }  <Ref> { Cube }
                        }
                        <VertexRef> {
                          100 105 139 142
                          <Scalar> membership { 0.444512 }  <Ref> { Cube }
                        }
                        <VertexRef> {
                          28 92 99 102
                          <Scalar> membership { 0.022551 }  <Ref> { Cube }
                        }
                        <Joint> ear.L.002 {
                          <Transform> {
                            <Matrix4> {
                              0.760913610458374 0.648853063583374 0.00036925473250448704 0.0 
                              0.1607174128293991 -0.18792274594306946 -0.9689451456069946 0.0 
                              -0.6286336183547974 0.7373430132865906 -0.24727481603622437 0.0 
                              -2.2817403078079224e-08 0.02799021638929844 -1.671724021434784e-07 1.0 
                            }
                          }
                          <VertexRef> {
                            95 140 145
                            <Scalar> membership { 0.081440 }  <Ref> { Cube }
                          }
                          <VertexRef> {
                            104 143 270 311
                            <Scalar> membership { 0.050565 }  <Ref> { Cube }
                          }
                          <VertexRef> {
                            100 105 139 142
                            <Scalar> membership { 0.444512 }  <Ref> { Cube }
                          }
                          <VertexRef> {
                            28 92 99 102
                            <Scalar> membership { 0.022551 }  <Ref> { Cube }
                          }
                          <Joint> ear.L.003 {
                            <Transform> {
                              <Matrix4> {
                                0.6547863483428955 0.7056633830070496 0.27072858810424805 0.0 
                                -0.4869544804096222 0.6678168177604675 -0.5629351139068604 0.0 
                                -0.578039824962616 0.23676975071430206 0.7809032797813416 0.0 
                                -7.545168045908213e-09 0.03211408481001854 1.7462298274040222e-09 1.0 
                              }
                            }
                            <Joint> ear.L.004 {
                              <Transform> {
                                <Matrix4> {
                                  0.482976496219635 -0.8667539954185486 -0.12438409775495529 0.0 
                                  -0.8591646552085876 -0.4965074956417084 0.12375833094120026 0.0 
                                  -0.1690257340669632 0.04709403216838837 -0.9844858646392822 0.0 
                                  -1.2014061212539673e-07 0.03526528552174568 7.450580596923828e-09 1.0 
                                }
                              }
                            }
                          }
                        }
                      }
                    }
                    <Joint> ear.R {
                      <Transform> {
                        <Matrix4> {
                          0.9610587954521179 0.18438401818275452 -0.20583631098270416 0.0 
                          -0.17410241067409515 0.9824350476264954 0.06715375185012817 0.0 
                          0.21460290253162384 -0.02870209887623787 0.9762794971466064 0.0 
                          -0.07781501859426498 0.06850099563598633 0.005249761510640383 1.0 
                        }
                      }
                      <Joint> ear.R.001 {
                        <Transform> {
                          <Matrix4> {
                            0.8919424414634705 -0.05106378346681595 -0.44925639033317566 0.0 
                            -0.42722567915916443 0.2301485389471054 -0.8743625283241272 0.0 
                            0.1480439305305481 0.9718148112297058 0.18346349895000458 0.0 
                            2.3283064365386963e-09 0.034043945372104645 3.725290298461914e-09 1.0 
                          }
                        }
                        <VertexRef> {
                          104 143 270 311
                          <Scalar> membership { 0.048616 }  <Ref> { Cube }
                        }
                        <VertexRef> {
                          193 258 267 268
                          <Scalar> membership { 0.015980 }  <Ref> { Cube }
                        }
                        <VertexRef> {
                          266 269 307 308
                          <Scalar> membership { 0.435509 }  <Ref> { Cube }
                        }
                        <VertexRef> {
                          263 306 309
                          <Scalar> membership { 0.063943 }  <Ref> { Cube }
                        }
                        <Joint> ear.R.002 {
                          <Transform> {
                            <Matrix4> {
                              0.7609136700630188 -0.6488531231880188 -0.00036918092519044876 0.0 
                              -0.16071739792823792 -0.1879228949546814 -0.9689452052116394 0.0 
                              0.6286336183547974 0.7373429536819458 -0.24727500975131989 0.0 
                              1.257285475730896e-08 0.027990249916911125 -1.6787089407444e-07 1.0 
                            }
                          }
                          <VertexRef> {
                            104 143 270 311
                            <Scalar> membership { 0.048616 }  <Ref> { Cube }
                          }
                          <VertexRef> {
                            193 258 267 268
                            <Scalar> membership { 0.015980 }  <Ref> { Cube }
                          }
                          <VertexRef> {
                            266 269 307 308
                            <Scalar> membership { 0.435509 }  <Ref> { Cube }
                          }
                          <VertexRef> {
                            263 306 309
                            <Scalar> membership { 0.063943 }  <Ref> { Cube }
                          }
                          <Joint> ear.R.003 {
                            <Transform> {
                              <Matrix4> {
                                0.6547860503196716 -0.7056635022163391 -0.2707289755344391 0.0 
                                0.48695454001426697 0.667816698551178 -0.5629352331161499 0.0 
                                0.5780402421951294 0.23676954209804535 0.7809029817581177 0.0 
                                -8.440110832452774e-10 0.03211407735943794 3.4924596548080444e-09 1.0 
                              }
                            }
                            <Joint> ear.R.004 {
                              <Transform> {
                                <Matrix4> {
                                  0.4829762578010559 0.8667541146278381 0.12438441067934036 0.0 
                                  0.8591648936271667 -0.4965076148509979 0.1237587183713913 0.0 
                                  0.1690261960029602 0.0470941960811615 -0.9844858646392822 0.0 
                                  -6.845220923423767e-08 0.035265423357486725 -1.6763806343078613e-08 1.0 
                                }
                              }
                            }
                          }
                        }
                      }
                    }
                    <Joint> lip.T.R {
                      <Transform> {
                        <Matrix4> {
                          0.2674555778503418 0.022541314363479614 -0.9633064270019531 0.0 
                          -0.9633065462112427 0.029641851782798767 -0.26676201820373535 0.0 
                          0.02254103124141693 0.9993063807487488 0.029642105102539062 0.0 
                          -1.2699934822025487e-24 0.02768826298415661 0.12387745082378387 1.0 
                        }
                      }
                      <Joint> lip.T.R.001 {
                        <Transform> {
                          <Matrix4> {
                            0.8400406837463379 -0.5331217646598816 -0.10056204348802567 0.0 
                            0.4748285114765167 0.8121439218521118 -0.3390578627586365 0.0 
                            0.26242998242378235 0.23707270622253418 0.9353753924369812 0.0 
                            -1.1641532182693481e-08 0.017140282317996025 3.1170202419161797e-08 1.0 
                          }
                        }
                      }
                    }
                    <Joint> lip.B.R {
                      <Transform> {
                        <Matrix4> {
                          0.42129117250442505 0.07675516605377197 -0.9036717414855957 0.0 
                          -0.8875259160995483 0.23988080024719238 -0.39338940382003784 0.0 
                          0.18657878041267395 0.9677634239196777 0.16918176412582397 0.0 
                          -9.040661518194884e-25 0.013971088454127312 0.12023648619651794 1.0 
                        }
                      }
                      <Joint> lip.B.R.001 {
                        <Transform> {
                          <Matrix4> {
                            0.9850462675094604 -0.07620576024055481 0.15452052652835846 0.0 
                            0.07875186949968338 0.9968399405479431 -0.010414458811283112 0.0 
                            -0.15323860943317413 0.02242749184370041 0.9879347681999207 0.0 
                            -1.862645149230957e-09 0.017649758607149124 -9.592622518539429e-08 1.0 
                          }
                        }
                      }
                    }
                    <Joint> brow.B.L {
                      <Transform> {
                        <Matrix4> {
                          -0.23109757900238037 0.7789781093597412 -0.5829125046730042 0.0 
                          -0.567803144454956 0.3785356283187866 0.7309653759002686 0.0 
                          0.7900591492652893 0.4999037981033325 0.3548275828361511 0.0 
                          0.06697680056095123 0.10220098495483398 0.08382684737443924 1.0 
                        }
                      }
                      <VertexRef> {
                        18 101 138 147
                        <Scalar> membership { 0.424055 }  <Ref> { Cube }
                      }
                      <VertexRef> {
                        94 141 148
                        <Scalar> membership { 0.040627 }  <Ref> { Cube }
                      }
                      <Joint> brow.B.L.001 {
                        <Transform> {
                          <Matrix4> {
                            0.7348374128341675 -0.2754364013671875 -0.6197972893714905 0.0 
                            -0.02959035336971283 0.8999378085136414 -0.4350128769874573 0.0 
                            0.6775974631309509 0.3380037546157837 0.6531577706336975 0.0 
                            -1.1175870895385742e-08 0.01297387108206749 3.725290298461914e-08 1.0 
                          }
                        }
                        <VertexRef> {
                          18 101 138 147
                          <Scalar> membership { 0.424055 }  <Ref> { Cube }
                        }
                        <VertexRef> {
                          94 141 148
                          <Scalar> membership { 0.040627 }  <Ref> { Cube }
                        }
                        <Joint> brow.B.L.002 {
                          <Transform> {
                            <Matrix4> {
                              0.7615516781806946 -0.590004563331604 -0.2682048976421356 0.0 
                              0.5187065601348877 0.8029720187187195 -0.29356369376182556 0.0 
                              0.38856497406959534 0.08444423228502274 0.9175437092781067 0.0 
                              -7.450580596923828e-09 0.012683562934398651 -9.033828973770142e-08 1.0 
                            }
                          }
                          <Joint> brow.B.L.003 {
                            <Transform> {
                              <Matrix4> {
                                0.8423326015472412 -0.35640615224838257 -0.40429025888442993 0.0 
                                0.15764400362968445 0.8802549242973328 -0.4475487470626831 0.0 
                                0.5153874754905701 0.31325098872184753 0.797652542591095 0.0 
                                4.470348358154297e-08 0.016149818897247314 1.6740523278713226e-07 1.0 
                              }
                            }
                          }
                        }
                      }
                    }
                    <Joint> lid.T.L {
                      <Transform> {
                        <Matrix4> {
                          -0.24129769206047058 0.8569447994232178 -0.45543497800827026 0.0 
                          -0.5244626998901367 0.2797127366065979 0.8041762709617615 0.0 
                          0.8165256977081299 0.4329046607017517 0.381941556930542 0.0 
                          0.0650293156504631 0.09601986408233643 0.08221804350614548 1.0 
                        }
                      }
                      <Joint> lid.T.L.001 {
                        <Transform> {
                          <Matrix4> {
                            0.6228950023651123 -0.3840917646884918 -0.6815242171287537 0.0 
                            0.11470547318458557 0.9066001772880554 -0.4061017632484436 0.0 
                            0.7738503217697144 0.17478416860103607 0.6087741255760193 0.0 
                            -1.0058283805847168e-07 0.014530379325151443 -2.9802322387695312e-08 1.0 
                          }
                        }
                        <Joint> lid.T.L.002 {
                          <Transform> {
                            <Matrix4> {
                              0.7597432136535645 -0.6338969469070435 -0.14479251205921173 0.0 
                              0.5091318488121033 0.7184598445892334 -0.4739198684692383 0.0 
                              0.4044439494609833 0.2863389253616333 0.8685822486877441 0.0 
                              -2.9802322387695312e-08 0.01298379898071289 -5.005858838558197e-08 1.0 
                            }
                          }
                          <Joint> lid.T.L.003 {
                            <Transform> {
                              <Matrix4> {
                                0.8464823365211487 -0.1576443910598755 -0.5085428357124329 0.0 
                                0.026532121002674103 0.9664627313613892 -0.2554325759410858 0.0 
                                0.531755268573761 0.20272643864154816 0.8222763538360596 0.0 
                                -4.516914486885071e-08 0.011017626151442528 3.632158041000366e-08 1.0 
                              }
                            }
                            <Joint> lid.B.L {
                              <Transform> {
                                <Matrix4> {
                                  -0.8289809823036194 -0.1549149602651596 -0.5373932123184204 0.0 
                                  0.47926077246665955 -0.6920339465141296 -0.5398125648498535 0.0 
                                  -0.2882697880268097 -0.7050460577011108 0.6479276418685913 0.0 
                                  -3.818422555923462e-08 0.016035854816436768 -1.5459954738616943e-07 1.0 
                                }
                              }
                              <Joint> lid.B.L.001 {
                                <Transform> {
                                  <Matrix4> {
                                    0.9824942946434021 0.08991649001836777 -0.1631566435098648 0.0 
                                    -0.06359917670488358 0.9850816130638123 0.1599031686782837 0.0 
                                    0.17510057985782623 -0.14672735333442688 0.973555862903595 0.0 
                                    9.47329681366682e-09 0.011541402898728848 -6.891787052154541e-08 1.0 
                                  }
                                }
                                <Joint> lid.B.L.002 {
                                  <Transform> {
                                    <Matrix4> {
                                      0.8906034231185913 0.4438788592815399 -0.09898150712251663 0.0 
                                      -0.35589855909347534 0.8157511949539185 0.4559457302093506 0.0 
                                      0.28312885761260986 -0.3708394169807434 0.8844864964485168 0.0 
                                      1.5599653124809265e-08 0.013676823116838932 -3.073364496231079e-08 1.0 
                                    }
                                  }
                                  <Joint> lid.B.L.003 {
                                    <Transform> {
                                      <Matrix4> {
                                        0.8251841068267822 0.5407350659370422 -0.1633305698633194 0.0 
                                        -0.5481610298156738 0.8363726735115051 -0.0004763379693031311 0.0 
                                        0.1363476663827896 0.08992453664541245 0.9865713119506836 0.0 
                                        -5.587935447692871e-09 0.014043129980564117 -4.284083843231201e-08 1.0 
                                      }
                                    }
                                  }
                                }
                              }
                            }
                          }
                        }
                      }
                    }
                    <Joint> brow.B.R {
                      <Transform> {
                        <Matrix4> {
                          -0.2310985028743744 -0.7789774537086487 0.5829129219055176 0.0 
                          0.567803144454956 0.37853556871414185 0.7309653759002686 0.0 
                          -0.7900588512420654 0.49990472197532654 0.3548268675804138 0.0 
                          -0.06697680056095123 0.10220098495483398 0.08382684737443924 1.0 
                        }
                      }
                      <VertexRef> {
                        260 305 314
                        <Scalar> membership { 0.022519 }  <Ref> { Cube }
                      }
                      <VertexRef> {
                        184 265 304 315
                        <Scalar> membership { 0.451581 }  <Ref> { Cube }
                      }
                      <Joint> brow.B.R.001 {
                        <Transform> {
                          <Matrix4> {
                            0.7348381876945496 0.2754363417625427 0.6197963356971741 0.0 
                            0.02958989143371582 0.8999378681182861 -0.4350129961967468 0.0 
                            -0.6775966286659241 0.33800384402275085 0.6531586050987244 0.0 
                            1.1362135410308838e-07 0.012973751872777939 5.960464477539063e-08 1.0 
                          }
                        }
                        <VertexRef> {
                          260 305 314
                          <Scalar> membership { 0.022519 }  <Ref> { Cube }
                        }
                        <VertexRef> {
                          184 265 304 315
                          <Scalar> membership { 0.451581 }  <Ref> { Cube }
                        }
                        <Joint> brow.B.R.002 {
                          <Transform> {
                            <Matrix4> {
                              0.7615547180175781 0.5900039076805115 0.26819753646850586 0.0 
                              -0.5187065601348877 0.8029718995094299 -0.29356372356414795 0.0 
                              -0.3885587751865387 0.08444898575544357 0.9175459146499634 0.0 
                              3.166496753692627e-08 0.012683536857366562 3.3527612686157227e-08 1.0 
                            }
                          }
                          <Joint> brow.B.R.003 {
                            <Transform> {
                              <Matrix4> {
                                0.8423294425010681 0.35640597343444824 0.4042968153953552 0.0 
                                -0.15764038264751434 0.8802549839019775 -0.44754984974861145 0.0 
                                -0.5153937339782715 0.31325092911720276 0.797648549079895 0.0 
                                -1.3271346688270569e-08 0.01614980958402157 -1.0523945093154907e-07 1.0 
                              }
                            }
                          }
                        }
                      }
                    }
                    <Joint> lid.T.R {
                      <Transform> {
                        <Matrix4> {
                          -0.24129794538021088 -0.8569446206092834 0.4554350972175598 0.0 
                          0.5244626998901367 0.2797127366065979 0.8041762113571167 0.0 
                          -0.8165255784988403 0.4329048991203308 0.38194140791893005 0.0 
                          -0.0650293156504631 0.09601986408233643 0.08221804350614548 1.0 
                        }
                      }
                      <Joint> lid.T.R.001 {
                        <Transform> {
                          <Matrix4> {
                            0.6228957176208496 0.38409167528152466 0.6815235614776611 0.0 
                            -0.11470566689968109 0.9066002368927002 -0.406101793050766 0.0 
                            -0.7738496661186218 0.17478446662425995 0.6087749600410461 0.0 
